A = [[0,0,0,1,1,1,1,0,0,1,0],[0,0,0,1,0,0,0,0,0,0,0],[0,0,0,1,0,1,0,0,0,0,0],[1,1,1,0,0,0,0,0,1,0,0],[1,0,0,0,0,0,0,1,0,0,0],[1,0,1,0,0,0,0,0,0,0,0],[1,0,0,0,0,0,0,0,0,0,0],[0,0,0,0,1,0,0,0,0,0,0],[0,0,0,1,0,0,0,0,0,1,1],[1,0,0,0,0,0,0,0,1,0,0],[0,0,0,0,0,0,0,0,1,0,0]]
B = [[0,1,0,0,0,0,1],[1,0,0,0,1,0,1],[0,0,0,0,1,0,1],[0,0,0,0,1,1,0],[0,1,1,1,0,1,0],[0,0,0,1,1,0,0],[1,1,1,0,0,0,0]]
B1 = [[0,0,1,1,1,0,0],[0,0,0,0,0,1,0],[1,0,0,1,0,1,0],[1,0,1,0,0,0,1],[1,0,0,0,0,0,1],[0,1,1,0,0,0,1],[0,0,0,1,1,1,0]]
C = [[0,1,0,0,1,0],[1,0,1,0,1,0],[0,1,0,1,0,0],[0,0,1,0,1,1],[1,1,0,1,0,0],[0,0,0,1,0,0]]
C1 = [[0,0,1,1,0,0],[0,0,0,1,0,1],[1,0,0,0,1,0],[1,1,0,0,0,1],[0,0,1,0,0,1],[0,1,0,1,1,0]]
D = [[0,1,1,0,1,1],[1,0,0,1,1,0],[1,0,0,1,0,1],[0,1,1,0,1,0],[1,1,0,1,0,1],[1,0,1,0,1,0]]
D1 = [[0,0,1,1,1,1],[0,0,1,0,1,1],[1,1,0,1,1,1],[1,0,1,0,0,1],[1,1,1,0,0,0],[1,1,1,1,0,0]]
E = [[0,1,1,0,1,1,1],[1,0,1,1,1,0,1],[1,1,0,1,1,1,0],[0,1,1,0,1,1,1],[1,1,1,1,0,1,0],[1,0,1,1,1,0,1],[1,1,0,1,0,1,0]]
E1 = [[0,1,1,1,1,1,0],[1,0,0,1,1,1,0],[1,0,0,1,1,1,1],[1,1,1,0,1,1,1],[1,1,1,1,0,1,1],[1,1,1,1,1,0,0],[0,0,1,1,1,0,0]]
J=[[0,0,0,1,1,1,1,0,0,1,0],[0,0,0,1,0,0,0,0,0,0,0],[0,0,0,1,0,1,0,0,0,0,0],[1,1,1,0,0,0,0,0,1,0,0],[1,0,0,0,0,0,0,1,0,0,0],[1,0,1,0,0,0,0,0,0,0,0],[1,0,0,0,0,0,0,0,0,0,0],[0,0,0,0,1,0,0,0,0,0,0],[0,0,0,1,0,0,0,0,0,1,1],[1,0,0,0,0,0,0,0,1,0,0],[0,0,0,0,0,0,0,0,1,0,0]]
G= [[0,1,0,1,1,1], [1,0,1,1,1,1], [0,1,0,1,1,1], [1,1,1,0,1,0], [1,1,1,1,0,1], [1,1,1,0,1,0]]

pozresna_metoda(J)
([7, 1, 2, 3, 4], [0, 6, 5, 8, 9, 10])
pozresna_metoda(G)
([3, 1, 2], [0, 4, 5])
pozresna_metoda(B)
([6, 0, 1], [3, 4, 5, 2])
pozresna_metoda(B1)
([5, 1, 2], [3, 4, 0, 6])
pozresna_metoda(C)
([0, 1, 4], [3, 2, 5])
pozresna_metoda(C1)
([0, 4, 2], [1, 3, 5])
pozresna_metoda(D)
([0, 5, 2], [3, 4, 1])
pozresna_metoda(D1)
([5, 1, 2], [0, 3, 4])
pozresna_metoda(E)
([4, 1, 2], [3, 0, 5, 6])
pozresna_metoda(E1)
([6, 5, 2], [1, 4, 3, 0])

SIMULIRANO OHLAJANJE NA ZGORNJIH GRAFIH, NAJPREJ BOMO SPREMINJALI T, NATO POGLEDALI KAKO SE SPREMNIJA S KONSTANTNIM ŠTEVILOM KORAKOM, NA KONCU PA SPREMINJALI OBOJE:

SIMULIRANO OHLAJANJE NA ZGORNJIH GRAFIH, t = 50, t-= 0.1
simulirano_ohlajanje(J,50)
([8, 9, 1, 10, 6], [4, 0, 7, 5, 3, 2], 7)
simulirano_ohlajanje(G,50)
([0, 1, 4], [2, 3, 5], 8)
simulirano_ohlajanje(B,50)
([3, 5, 4], [6, 0, 1, 2], 7)
simulirano_ohlajanje(B1,50)
([2, 3, 0], [4, 1, 6, 5], 5)
simulirano_ohlajanje(C,50)
([3, 5, 2], [0, 4, 1], 5)
simulirano_ohlajanje(C1,50)
([1, 5, 3], [0, 4, 2], 5)
simulirano_ohlajanje(D,50)
([5, 1, 0], [3, 2, 4], 6)
simulirano_ohlajanje(D1,50)
([4, 2, 1], [3, 0, 5], 6)
simulirano_ohlajanje(E,50)
([6, 5, 3], [2, 4, 0, 1], 11)
simulirano_ohlajanje(E1,50)
([2, 6, 3], [1, 5, 0, 4], 10)

SIMULIRANO OHLAJANJE NA ZGORNJIH GRAFIH, t = 500, t-= 0.1
simulirano_ohlajanje(J,500)
([8, 10, 3, 1, 2], [9, 5, 6, 7, 0, 4], 6)
simulirano_ohlajanje(G,500)
([0, 2, 5], [3, 1, 4], 8)
simulirano_ohlajanje(B,500)
([6, 1, 0], [3, 4, 2, 5], 5)
simulirano_ohlajanje(B1,500)
([2, 3, 0], [1, 6, 5, 4], 3)
simulirano_ohlajanje(C,500)
([1, 0, 4], [5, 3, 2], 5)
simulirano_ohlajanje(C1,500)
([1, 5, 3], [0, 2, 4], 3)
simulirano_ohlajanje(D,500)
([4, 3, 1], [5, 0, 2], 5)
simulirano_ohlajanje(D1,500)
([3, 0, 5], [4, 2, 1], 7)
simulirano_ohlajanje(E,500)
([6, 0, 5], [4, 1, 3, 2], 11)
simulirano_ohlajanje(E1,500)
([2, 6, 5], [1, 0, 4, 3], 9)

SIMULIRANO OHLAJANJE NA ZGORNJIH GRAFIH, t = 5000, t-= 0.1
simulirano_ohlajanje(J,5000)
([4, 10, 0, 6, 9], [2, 3, 8, 7, 1, 5], 7)
simulirano_ohlajanje(G,5000)
([4, 2, 3], [5, 0, 1], 7)
simulirano_ohlajanje(B,5000)
([6, 0, 1], [2, 5, 4, 3], 7)
simulirano_ohlajanje(B1,5000)
([2, 0, 3], [4, 5, 6, 1], 5)
simulirano_ohlajanje(C,5000)
([5, 3, 0], [1, 2, 4], 4)
simulirano_ohlajanje(C1,5000)
([5, 1, 3], [2, 4, 0], 4)
simulirano_ohlajanje(D,5000)
([5, 3, 2], [4, 1, 0], 6)
simulirano_ohlajanje(D1,5000)
([0, 3, 5], [1, 2, 4], 8)
simulirano_ohlajanje(E,5000)
([5, 2, 0], [6, 1, 3, 4], 9)
simulirano_ohlajanje(E1,5000)
([2, 6, 0], [3, 1, 4, 5], 10)

SIMULIRANO OHLAJANJE NA ZGORNJIH GRAFIH, t = 50, t-= 1
simulirano_ohlajanje(G,50)
([1, 4, 2], [5, 3, 0], 8)
simulirano_ohlajanje(J,50)
([9, 4, 5, 10, 0], [7, 6, 8, 3, 2, 1], 6)
simulirano_ohlajanje(B,50)
([6, 0, 1], [4, 2, 3, 5], 6)
simulirano_ohlajanje(B1,50)
([4, 2, 3], [5, 6, 1, 0], 6)
simulirano_ohlajanje(C,50)
([0, 3, 4], [2, 5, 1], 4)
simulirano_ohlajanje(C1,50)
([3, 1, 2], [5, 4, 0], 5)
simulirano_ohlajanje(D,50)
([5, 2, 0], [3, 4, 1], 4)
simulirano_ohlajanje(D1,50)
([0, 4, 5], [2, 3, 1], 7)
simulirano_ohlajanje(E,50)
([0, 1, 4], [2, 6, 3, 5], 11)
simulirano_ohlajanje(E1,50)
([4, 5, 1], [6, 2, 0, 3], 9)

SIMULIRANO OHLAJANJE, t = 500, t-= 1
simulirano_ohlajanje(G,500)
([4, 5, 0], [3, 2, 1], 8)
simulirano_ohlajanje(J,500)
([3, 0, 9, 8, 10], [5, 1, 2, 4, 6, 7], 6)
simulirano_ohlajanje(B,500)
([3, 5, 2], [6, 0, 4, 1], 5)
simulirano_ohlajanje(B1,500)
([2, 6, 3], [0, 5, 1, 4], 5)
simulirano_ohlajanje(C,500)
([1, 4, 2], [0, 5, 3], 4)
simulirano_ohlajanje(C1,500)
([5, 0, 3], [4, 1, 2], 4)
simulirano_ohlajanje(D,500)
([3, 0, 1], [5, 2, 4], 6)
simulirano_ohlajanje(D1,500)
([5, 1, 2], [0, 3, 4], 6)
simulirano_ohlajanje(E,500)
([4, 5, 2], [1, 3, 6, 0], 9)
simulirano_ohlajanje(E1,500)
([2, 4, 1], [6, 0, 3, 5], 11)

SIMULIRANO OHLAJANJE, t = 5000, t-= 1
simulirano_ohlajanje(G,5000)
([1, 4, 3], [0, 2, 5], 9)
simulirano_ohlajanje(J,5000)
([1, 8, 0, 6, 3], [2, 4, 10, 9, 5, 7], 6)
simulirano_ohlajanje(B,5000)
([5, 3, 0], [4, 1, 6, 2], 5)
simulirano_ohlajanje(B1,5000)
([3, 2, 0], [6, 5, 4, 1], 7)
simulirano_ohlajanje(C,5000)
([5, 3, 4], [1, 0, 2], 3)
simulirano_ohlajanje(C1,5000)
([1, 0, 5], [2, 4, 3], 5)
simulirano_ohlajanje(D,5000)
([3, 4, 0], [2, 1, 5], 7)
simulirano_ohlajanje(D1,5000)
([3, 1, 5], [4, 0, 2], 8)
simulirano_ohlajanje(E,5000)
([2, 3, 1], [5, 0, 6, 4], 11)
simulirano_ohlajanje(E1,5000)
([5, 1, 3], [0, 4, 6, 2], 9)

PRIMERI NAKLJUCNIH MATRIK (20×20)
U=[[1, 0, 0, 1, 1, 1, 0, 0, 0, 0, 0, 0, 0, 0, 1, 1, 1, 1, 0, 0], [0, 0, 1, 1, 0, 0, 1, 1, 0, 0, 1, 0, 0, 1, 1, 1, 1, 1, 0, 1], [0, 1, 0, 1, 0, 0, 0, 0, 0, 1, 1, 1, 0, 1, 1, 1, 0, 1, 1, 1], [1, 1, 1, 0, 1, 1, 1, 0, 0, 1, 1, 0, 0, 1, 1, 0, 0, 0, 1, 1], [1, 0, 0, 1, 1, 0, 1, 1, 1, 0, 0, 1, 0, 1, 0, 1, 1, 1, 1, 1], [1, 0, 0, 1, 0, 0, 0, 1, 0, 1, 1, 1, 0, 0, 0, 0, 0, 0, 0, 0], [0, 1, 0, 1, 1, 0, 0, 1, 0, 1, 1, 0, 0, 0, 0, 0, 1, 1, 1, 1], [0, 1, 0, 0, 1, 1, 1, 1, 1, 1, 1, 1, 0, 0, 0, 0, 0, 0, 1, 1], [0, 0, 0, 0, 1, 0, 0, 1, 1, 0, 0, 0, 0, 1, 1, 1, 0, 1, 0, 0], [0, 0, 1, 1, 0, 1, 1, 1, 0, 0, 1, 1, 0, 0, 0, 1, 0, 0, 1, 1], [0, 1, 1, 1, 0, 1, 1, 1, 0, 1, 1, 1, 0, 0, 1, 0, 1, 0, 0, 1], [0, 0, 1, 0, 1, 1, 0, 1, 0, 1, 1, 0, 0, 1, 0, 1, 1, 1, 0, 0], [0, 0, 0, 0, 0, 0, 0, 0, 0, 0, 0, 0, 0, 1, 1, 0, 1, 1, 1, 0], [0, 1, 1, 1, 1, 0, 0, 0, 1, 0, 0, 1, 1, 1, 1, 0, 1, 1, 0, 1], [1, 1, 1, 1, 0, 0, 0, 0, 1, 0, 1, 0, 1, 1, 0, 0, 0, 0, 1, 0], [1, 1, 1, 0, 1, 0, 0, 0, 1, 1, 0, 1, 0, 0, 0, 1, 1, 1, 1, 0], [1, 1, 0, 0, 1, 0, 1, 0, 0, 0, 1, 1, 1, 1, 0, 1, 1, 0, 1, 1], [1, 1, 1, 0, 1, 0, 1, 0, 1, 0, 0, 1, 1, 1, 0, 1, 0, 1, 1, 1], [0, 0, 1, 1, 1, 0, 1, 1, 0, 1, 0, 0, 1, 0, 1, 1, 1, 1, 1, 1], [0, 1, 1, 1, 1, 0, 1, 1, 0, 1, 1, 0, 0, 1, 0, 0, 1, 1, 1, 1]]
V=[[0, 1, 0, 1, 1, 0, 1, 0, 0, 0, 0, 1, 1, 1, 1, 0, 1, 0, 1, 0], [1, 0, 0, 0, 1, 1, 0, 0, 1, 0, 1, 0, 0, 1, 1, 0, 0, 0, 1, 1], [0, 0, 0, 0, 0, 0, 0, 0, 0, 1, 0, 1, 0, 1, 1, 1, 0, 1, 1, 0], [1, 0, 0, 0, 0, 0, 1, 1, 1, 0, 1, 0, 0, 1, 0, 0, 0, 0, 1, 0], [1, 1, 0, 0, 0, 1, 1, 1, 0, 0, 0, 1, 1, 0, 0, 0, 1, 0, 0, 0], [0, 1, 0, 0, 1, 0, 1, 0, 1, 1, 1, 1, 0, 0, 1, 1, 0, 1, 1, 1], [1, 0, 0, 1, 1, 1, 0, 0, 1, 0, 1, 1, 1, 0, 0, 0, 0, 1, 1, 0], [0, 0, 0, 1, 1, 0, 0, 0, 1, 1, 1, 1, 0, 1, 1, 0, 0, 1, 1, 0], [0, 1, 0, 1, 0, 1, 1, 1, 0, 0, 0, 0, 1, 1, 0, 0, 0, 0, 1, 1], [0, 0, 1, 0, 0, 1, 0, 1, 0, 0, 1, 0, 1, 1, 1, 0, 1, 1, 0, 0], [0, 1, 0, 1, 0, 1, 1, 1, 0, 1, 0, 0, 1, 0, 0, 1, 1, 1, 0, 0], [1, 0, 1, 0, 1, 1, 1, 1, 0, 0, 0, 0, 0, 1, 0, 1, 1, 0, 1, 0], [1, 0, 0, 0, 1, 0, 1, 0, 1, 1, 1, 0, 0, 0, 1, 1, 1, 0, 1, 1], [1, 1, 1, 1, 0, 0, 0, 1, 1, 1, 0, 1, 0, 0, 1, 0, 0, 0, 0, 1], [1, 1, 1, 0, 0, 1, 0, 1, 0, 1, 0, 0, 1, 1, 0, 0, 0, 1, 1, 0], [0, 0, 1, 0, 0, 1, 0, 0, 0, 0, 1, 1, 1, 0, 0, 0, 0, 1, 0, 1], [1, 0, 0, 0, 1, 0, 0, 0, 0, 1, 1, 1, 1, 0, 0, 0, 0, 0, 0, 0], [0, 0, 1, 0, 0, 1, 1, 1, 0, 1, 1, 0, 0, 0, 1, 1, 0, 0, 1, 1], [1, 1, 1, 1, 0, 1, 1, 1, 1, 0, 0, 1, 1, 0, 1, 0, 0, 1, 0, 0], [0, 1, 0, 0, 0, 1, 0, 0, 1, 0, 0, 0, 1, 1, 0, 1, 0, 1, 0, 0]]
W=[[0, 0, 1, 0, 1, 1, 0, 0, 0, 0, 1, 1, 0, 0, 1, 0, 0, 0, 0, 1], [0, 0, 0, 1, 0, 0, 1, 0, 0, 0, 1, 1, 0, 0, 0, 1, 1, 0, 1, 0], [1, 0, 0, 0, 1, 0, 0, 1, 0, 1, 1, 1, 1, 0, 0, 0, 1, 1, 1, 0], [0, 1, 0, 0, 0, 0, 0, 0, 0, 1, 1, 0, 1, 1, 0, 1, 1, 1, 0, 1], [1, 0, 1, 0, 0, 1, 1, 1, 0, 0, 0, 1, 0, 0, 0, 0, 0, 0, 0, 1], [1, 0, 0, 0, 1, 0, 1, 0, 0, 0, 1, 0, 0, 0, 0, 1, 1, 0, 1, 1], [0, 1, 0, 0, 1, 1, 0, 0, 1, 1, 0, 1, 0, 1, 0, 1, 0, 0, 1, 1], [0, 0, 1, 0, 1, 0, 0, 0, 1, 0, 0, 1, 1, 1, 0, 0, 1, 0, 1, 1], [0, 0, 0, 0, 0, 0, 1, 1, 0, 1, 1, 0, 1, 1, 1, 0, 0, 0, 0, 0], [0, 0, 1, 1, 0, 0, 1, 0, 1, 0, 1, 0, 1, 0, 0, 0, 1, 1, 1, 1], [1, 1, 1, 1, 0, 1, 0, 0, 1, 1, 0, 0, 0, 0, 1, 1, 0, 1, 1, 0], [1, 1, 1, 0, 1, 0, 1, 1, 0, 0, 0, 0, 0, 0, 0, 0, 0, 1, 0, 1], [0, 0, 1, 1, 0, 0, 0, 1, 1, 1, 0, 0, 0, 0, 1, 0, 1, 1, 1, 1], [0, 0, 0, 1, 0, 0, 1, 1, 1, 0, 0, 0, 0, 0, 1, 1, 0, 0, 1, 1], [1, 0, 0, 0, 0, 0, 0, 0, 1, 0, 1, 0, 1, 1, 0, 1, 0, 1, 0, 1], [0, 1, 0, 1, 0, 1, 1, 0, 0, 0, 1, 0, 0, 1, 1, 0, 0, 0, 1, 0], [0, 1, 1, 1, 0, 1, 0, 1, 0, 1, 0, 0, 1, 0, 0, 0, 0, 0, 1, 1], [0, 0, 1, 1, 0, 0, 0, 0, 0, 1, 1, 1, 1, 0, 1, 0, 0, 0, 0, 0], [0, 1, 1, 0, 0, 1, 1, 1, 0, 1, 1, 0, 1, 1, 0, 1, 1, 0, 0, 0], [1, 0, 0, 1, 1, 1, 1, 1, 0, 1, 0, 1, 1, 1, 1, 0, 1, 0, 0, 0]]

pozresna_metoda(U)
([10, 11, 19, 3, 1, 5, 6, 7, 2, 9], [8, 4, 12, 13, 14, 15, 16, 17, 18, 0])
pozresna_metoda(V)
([13, 1, 0, 3, 18, 2, 14, 7, 8, 11], [5, 9, 12, 10, 6, 15, 16, 17, 4, 19])
pozresna_metoda(W)
([16, 18, 19, 13, 12, 3, 6, 7, 8, 9], [0, 10, 1, 5, 14, 15, 11, 17, 2, 4])

SIMULIRANO OHLAJANJE NA TEH MATRIKAH
t=50, t-=0.1
simulirano_ohlajanje(U,50)
([13, 8, 14, 16, 1, 12, 2, 5, 0, 3], [19, 9, 11, 18, 7, 15, 10, 4, 6, 17], 46)
simulirano_ohlajanje(V,50)
([11, 16, 12, 6, 4, 17, 10, 5, 15, 2], [1, 3, 14, 13, 18, 7, 0, 19, 9, 8], 40)
simulirano_ohlajanje(W,50)
([12, 8, 13, 11, 7, 17, 3, 19, 1, 14], [0, 15, 5, 16, 2, 10, 6, 4, 18, 9], 40)

t=500, t-=0.1
simulirano_ohlajanje(U,500)
([7, 0, 3, 1, 5, 10, 8, 18, 14, 2], [4, 11, 16, 9, 12, 17, 15, 6, 13, 19], 51)
simulirano_ohlajanje(V,500)
([10, 5, 6, 4, 0, 16, 7, 9, 12, 11], [14, 19, 18, 17, 2, 15, 13, 1, 3, 8], 41)
simulirano_ohlajanje(W,500)
([4, 19, 3, 14, 6, 1, 11, 5, 15, 17], [8, 18, 13, 7, 9, 12, 16, 10, 2, 0], 43)

t=5000, t-=0.1
simulirano_ohlajanje(U,5000)
([14, 18, 9, 17, 7, 2, 6, 3, 1, 19], [15, 4, 5, 8, 11, 16, 12, 10, 13, 0], 49)
simulirano_ohlajanje(V,5000)
([2, 14, 7, 3, 19, 16, 13, 17, 0, 9], [11, 18, 8, 10, 12, 6, 15, 1, 5, 4], 46)
simulirano_ohlajanje(W,5000)
([6, 3, 8, 10, 18, 16, 5, 9, 15, 1], [17, 0, 11, 12, 14, 7, 4, 19, 13, 2], 40)

t=50, t-=5
simulirano_ohlajanje(U,50)
([13, 18, 2, 0, 15, 17, 6, 9, 8, 16], [10, 3, 7, 11, 14, 4, 12, 5, 1, 19], 54)
simulirano_ohlajanje(V,50)
([12, 8, 16, 0, 4, 5, 6, 18, 11, 15], [10, 1, 9, 13, 14, 3, 2, 17, 7, 19], 49)
simulirano_ohlajanje(W,50)
([0, 18, 2, 3, 4, 19, 7, 13, 14, 17], [5, 11, 12, 10, 16, 15, 8, 9, 1, 6], 46)

t=500, t-=5
simulirano_ohlajanje(U,500)
([12, 7, 14, 5, 0, 11, 13, 17, 1, 2], [16, 4, 6, 9, 15, 19, 8, 18, 10, 3], 53)
simulirano_ohlajanje(V,500)
([10, 7, 6, 5, 12, 9, 15, 0, 3, 19], [11, 2, 4, 18, 14, 16, 1, 13, 17, 8], 49)
simulirano_ohlajanje(W,500)
([15, 5, 0, 6, 16, 18, 11, 8, 14, 9], [13, 19, 17, 4, 10, 12, 1, 7, 3, 2], 48)


t=5000, t-=5
simulirano_ohlajanje(U,5000)
([8, 12, 14, 3, 7, 1, 6, 9, 11, 17], [19, 15, 4, 5, 2, 16, 18, 13, 0, 10], 55)
simulirano_ohlajanje(V,5000)
([2, 6, 5, 7, 9, 11, 10, 12, 4, 8], [19, 16, 17, 14, 3, 18, 1, 0, 13, 15], 48)
simulirano_ohlajanje(W,5000)
([8, 19, 7, 4, 6, 5, 10, 3, 18, 15], [1, 2, 12, 17, 0, 13, 11, 9, 16, 14], 46)

SPREMINJAMO ŠTEVILO KORAKOV, t=500, t-=1
k<100
simulirano_ohlajanje(U,500)
([0, 5, 6, 15, 7, 3, 2, 9, 16, 13], [19, 18, 14, 10, 17, 1, 12, 11, 8, 4], 56)
simulirano_ohlajanje(V,500)
([6, 0, 4, 10, 5, 14, 18, 1, 8, 16], [9, 3, 13, 7, 15, 11, 17, 12, 2, 19], 44)
simulirano_ohlajanje(W,500)
([9, 5, 1, 16, 2, 19, 0, 7, 14, 3], [4, 13, 11, 18, 8, 17, 15, 12, 6, 10], 49)

t=500, t-=0,4
k<1000
simulirano_ohlajanje(U,500)
([17, 15, 4, 6, 13, 5, 19, 7, 3, 1], [2, 12, 8, 18, 10, 14, 9, 0, 11, 16], 52)
simulirano_ohlajanje(V,500)
([14, 18, 7, 2, 5, 9, 13, 12, 6, 11], [19, 8, 10, 15, 0, 17, 3, 4, 16, 1], 47)
simulirano_ohlajanje(W,500)
([11, 4, 0, 18, 8, 10, 5, 15, 3, 2], [1, 9, 13, 19, 7, 17, 6, 14, 12, 16], 46)

k<10000 t-=0,1
simulirano_ohlajanje(U,500)
([8, 19, 1, 18, 2, 14, 17, 3, 13, 15], [11, 9, 12, 10, 16, 0, 6, 4, 5, 7], 47)
simulirano_ohlajanje(V,500)
([15, 2, 11, 12, 9, 17, 14, 6, 5, 10], [4, 7, 3, 0, 16, 13, 19, 8, 18, 1], 45)
simulirano_ohlajanje(W,500)
([4, 7, 12, 16, 10, 17, 2, 8, 9, 3], [5, 14, 15, 6, 0, 18, 1, 19, 11, 13], 43)

k<100000 t-= 0,1
simulirano_ohlajanje(U,500)
([9, 6, 3, 2, 11, 0, 5, 1, 10, 14], [8, 12, 16, 4, 18, 19, 17, 15, 13, 7], 43)
simulirano_ohlajanje(V,500)
([3, 17, 18, 9, 1, 2, 13, 10, 7, 14], [6, 12, 8, 0, 16, 11, 15, 4, 5, 19], 44)
simulirano_ohlajanje(W,500)
([5, 10, 15, 14, 8, 19, 6, 13, 4, 7], [9, 17, 1, 16, 3, 12, 18, 2, 0, 11], 43)

GENERIRANJE ZA ISTO FUNKCIJO PRI ENAKIH VREDNOSTIH T IN K:
k<100000 t-= 0,1
simulirano_ohlajanje(U,500)
([11, 17, 18, 8, 16, 13, 4, 6, 12, 15], [19, 9, 7, 5, 0, 14, 1, 10, 3, 2], 48)
([5, 18, 19, 1, 6, 10, 9, 14, 3, 2], [15, 16, 0, 7, 11, 17, 8, 13, 12, 4], 46)
([7, 11, 8, 9, 15, 17, 4, 1, 6, 0], [3, 10, 13, 12, 16, 5, 14, 2, 19, 18], 52)
([14, 13, 11, 4, 17, 15, 8, 12, 7, 5], [2, 16, 9, 19, 10, 0, 1, 6, 3, 18], 47)
([19, 16, 6, 1, 9, 18, 3, 7, 10, 2], [11, 17, 5, 15, 0, 8, 14, 4, 12, 13], 40)
([14, 10, 12, 5, 18, 9, 0, 3, 7, 16], [13, 8, 6, 4, 2, 1, 15, 17, 11, 19], 46)
([19, 14, 16, 6, 3, 12, 1, 10, 13, 2], [15, 18, 0, 17, 4, 5, 8, 7, 11, 9], 48)
([2, 18, 3, 11, 14, 6, 0, 15, 1, 9], [7, 13, 8, 16, 5, 17, 19, 10, 12, 4], 51)
([13, 19, 1, 18, 9, 12, 3, 2, 14, 10], [6, 4, 5, 0, 15, 16, 11, 17, 7, 8], 47)
([6, 16, 7, 9, 4, 19, 15, 1, 10, 3], [18, 2, 11, 8, 12, 5, 17, 14, 13, 0], 48)
([11, 2, 10, 3, 6, 16, 1, 19, 9, 4], [18, 14, 15, 13, 5, 7, 12, 17, 0, 8], 49)
([7, 13, 5, 15, 0, 11, 16, 4, 17, 8], [9, 3, 14, 10, 18, 19, 12, 2, 6, 1], 44)
([12, 15, 4, 0, 17, 19, 6, 16, 11, 18], [10, 3, 14, 5, 9, 2, 7, 13, 8, 1], 50)
([8, 12, 16, 19, 13, 6, 7, 1, 4, 17], [2, 18, 3, 14, 15, 9, 0, 5, 11, 10], 49)
